3194
1220
5715
7022
3523
4579
5686
565
478
4591
4601
1320
3230
2554
3176
1800
4157
1807
3001
312
1335
6898
2185
141
4240
2236
5534
5459
6695
7172
1312
225
2826
4657
3561
3709
1706
1373
4137
3463
7737
2921
4032
43
2153
3193
1638
7453
5347
2343
5696
990
6434
4067
6572
3632
3090
2210
7699
1334
5551
3854
5209
1868
1183
4538
255
1654
3609
5468
7347
911
6067
3730
7450
5066
967
5339
6389
4588
5650
2588
7070
6742
6661
7685
6052
2523
6088
973
5116
3315
688
1781
7578
7057
4422
6656
7633
6326
670
6997
4215
4141
5623
7206
783
1833
3258
4108
6370
7338
5690
5985
2363
5099
709
4358
6562
7975
5769
5111
4144
5821
3014
6179
245
4499
1127
4478
4210
7273
3628
523
5601
2972
7826
4018
4594
219
6633
526
6325
2177
579
7591
3179
7393
4800
2478
1467
6423
5831
2714
4980
3701
107
7029
4442
7990
4164
6716
1977
5496
3905
5235
6595
4967
7076
887
5850
2980
4564
6046
199
3070
3224
499
3670
2370
4904
7331
5356
2181
2831
5184
203
7884
2304
3594
2926
5429
1761
995
7528
4221
7925
5770
7306
7937
5451
2420
6462
7787
735
3556
5112
4842
2354
6551
4978
7835
4687
7230
1914
3327
7845
3947
3254
6609
833
1783
4182
4547
7472
1084
7463
7852
3482
1895
7958
4155
7949
2080
771
6630
2499
7323
5042
5333
3479
4832
5212
6888
5675
5069
6805
6904
7576
1228
118
1710
798
3667
7112
5075
7258
5167
6451
5520
984
7947
5544
2005
2624
3322
7780
6648
5768
2609
3047
2517
6209
3133
7289
4909
560
5442
6241
3491
2342
2596
6017
6775
2015
1204
6026
1151
4531
678
1717
3307
7477
143
2469
2784
3296
6616
7951
5943
2942
6301
2044
3940
5305
5775
7513
6764
635
1526
7049
61
2214
7781
3885
5941
5026
2708
2970
4386
4970
5888
4998
3799
4293
6681
1770
3239
3128
4604
7659
7352
6106
7535
4489
5016
1679
1925
5526
5867
1077
577
5067
253
2216
2536
4707
3118
3827
2042
7883
4663
4109
6604
1328
6143
5008
5750
2330
5578
221
1874
6347
213
6731
3021
4908
4593
4054
2001
1310
1978
5059
2074
3222
5290
5931
1377
7882
1404
369
6813
1282
851
3424
5354
5284
7529
6321
2149
3617
4562
1576
2535
3863
36
1097
4316
6464
6115
7222
5001
5455
4860
46
6664
7360
542
7187
5859
7045
3876
3277
7032
5174
400
2739
4148
4239
6144
1098
2581
5528
6463
5141
2845
6733
3844
5030
4122
3151
6798
4884
1920
6646
4746
4624
7555
1085
1765
1267
5227
6276
704
3803
7350
3232
4522
276
4115
5788
1463
2030
241
3098
4409
2503
3159
2237
2341
3985
3592
758
479
6047
7341
4753
2778
5499
901
6223
1038
4394
3778
2586
6302
3976
1527
2897
695
1347
7548
1592
507
4190
2574
26
4438
1825
2750
4379
4779
2256
4332
2352
3619
3521
2396
4454
698
1466
1866
4036
1763
1171
421
1712
2857
7710
2864
3337
6489
7776
7015
1008
6341
7546
5304
3129
4381
3349
2172
6821
3963
5161
6074
2693
1106
6758
5390
741
6479
3335
5362
4043
4855
806
4871
5594
6777
1594
5247
7069
4943
7696
1062
4740
4094
4467
723
1385
1456
1345
7767
1206
3759
6262
1449
6834
5801
7095
