1664
307
106
691
389
1829
197
1764
1311
1800
1849
1814
541
871
237
309
1486
19
151
1253
112
70
594
1202
609
1873
511
1855
530
847
1040
497
1119
975
885
1763
1090
483
1352
208
1210
1563
692
1882
506
1778
383
32
1439
287
1534
36
119
616
947
1731
1012
1438
1206
1606
1225
836
1021
942
46
1024
1402
1355
190
162
900
766
1992
72
1730
272
1745
311
1154
1517
1219
1755
720
176
238
1450
482
78
762
55
291
1426
1267
1684
1410
954
1324
1883
963
531
122
701
1604
215
728
1538
914
1570
1171
1142
1688
1863
1807
1013
924
1367
526
318
671
1000
1943
502
285
540
135
1359
99
1839
1786
1499
1618
400
64
595
597
771
1933
520
544
1516
226
1153
1896
656
997
1971
1368
1512
417
599
1370
793
1798
431
160
815
1464
1419
747
1258
826
380
79
1463
1391
374
1691
513
1496
1530
1408
567
1544
649
1427
830
1699
1569
204
1791
1259
1924
1176
904
1170
408
1509
1981
11
279
1409
792
1666
678
1631
1872
1760
906
556
535
1046
1112
487
1890
1915
184
1733
27
1830
313
1211
945
547
920
1810
640
159
1345
843
659
1177
1124
621
1784
759
66
1217
144
1165
851
1363
722
217
1698
1452
273
1940
1686
787
1052
1905
1192
978
1632
1637
102
1109
1990
1736
1768
1031
1652
1695
1581
1851
1557
421
588
1467
1293
1493
156
1160
1545
668
522
1310
939
1505
26
686
1401
1642
1117
1734
1803
263
455
1162
234
574
1593
1038
778
329
1946
1203
951
1319
464
1237
1528
149
1724
545
1696
687
1004
1167
568
689
1433
1857
1717
976
1340
1900
529
1358
835
1228
505
657
1441
575
1281
222
737
280
235
443
1862
1068
1379
1931
679
1641
1455
1899
739
1651
881
748
336
1448
849
984
510
1307
713
250
1453
1977
347
83
1059
1714
1835
1233
437
402
555
1903
164
673
51
1732
376
1759
783
1613
472
593
1937
1552
909
1215
1097
1860
0
127
248
1713
1690
466
1285
177
231
727
1674
392
1239
741
265
601
1700
1920
152
550
477
1723
1099
1204
684
1421
1748
81
1023
359
1749
1842
1738
1458
1635
167
1316
519
791
901
972
438
84
688
891
1529
1382
538
418
305
1101
724
77
1460
1155
542
299
419
1710
1886
960
1022
1540
53
512
1284
1498
461
690
1125
1003
467
667
490
765
1179
1384
1622
801
1369
1321
892
133
1127
840
1027
1485
1058
340
200
1994
1902
1461
681
100
869
1867
88
919
932
366
1964
926
398
39
1598
1612
1392
1479
528
736
1633
1166
492
1673
1295
1980
998
751
1504
723
1500
145
1754
1969
764
608
1575
624
1126
1468
1951
1223
496
1138
209
1692
1897
899
1338
719
264
91
655
789
276
1102
360
694
1514
33
756
1775
606
1590
1594
1524
1390
369
1227
1739
1550
3
631
49
1693
844
620
94
1876
1350
809
1397
1131
182
1377
225
1197
831
1205
1523
259
1619
1164
1356
841
1318
1148
327
317
20
1846
1128
201
1507
1389
1574
1297
1073
1535
458
1251
154
1864
1042
803
130
367
1617
1675
735
242
1241
1962
391
503
725
580
1140
1238
1168
508
816
1371
1669
406
252
1183
1488
1573
1912
1837
1484
454
1107
1605
711
1270
1930
584
1353
1374
755
967
817
489
1069
361
660
990
1393
969
1406
991
388
132
775
1416
1616
1007
957
232
647
233
1095
1501
473
321
