3878
1220
5715
2279
7202
162
4387
6125
1949
3264
7790
4235
2554
3230
855
3176
3308
7850
7564
4879
3355
1212
1477
2505
6771
4240
7473
5459
2236
546
4555
1312
4670
4230
1942
5815
3383
5480
43
1230
5698
3193
1702
5406
2286
5132
5337
3319
5962
2773
1932
5372
3632
3090
6577
6481
6243
3672
1869
2119
715
1511
7986
2292
4538
7200
1918
6808
4989
7363
218
5256
511
7301
5066
7449
6389
5550
5650
1309
3473
3217
811
4156
2614
688
2677
485
7174
6566
906
670
6997
2873
6559
7844
2079
783
4108
6932
5690
7046
3779
6957
470
7975
3183
1859
7831
5111
4307
6982
6527
4144
6966
4913
3686
4003
898
5608
2995
4271
5580
7712
5434
817
3498
1739
7846
6605
7093
3628
506
1398
3458
2524
2753
1927
7083
5418
3180
6894
800
272
5916
1513
6172
6325
2954
2642
4861
2456
2177
579
7650
4228
2552
7393
6091
6819
2365
4507
3870
2281
6080
2121
6059
4199
7179
6416
3764
5175
988
3376
2706
6870
156
894
6456
627
6188
5291
6716
4984
5496
3368
5465
3905
4858
3067
199
4274
3020
6032
6979
7201
6266
6832
4717
5340
7331
6548
5644
2181
1454
1847
1093
3156
1661
5951
3543
6357
7884
5402
3973
4021
4221
4785
4686
5702
2208
584
3481
2803
5040
6517
3272
7409
2732
7478
1037
2593
357
4603
7568
67
6736
3605
1783
4638
1494
3914
2407
6972
1378
649
1964
3482
793
1895
3739
759
7890
3821
541
1095
3892
5045
2080
3260
2499
1556
404
1649
1382
3356
4854
126
1121
5773
7036
798
7112
6886
19
1697
5167
3332
7290
5098
7956
6993
3360
820
2624
2509
5121
4170
4091
4370
4311
5166
6368
862
5442
4585
2436
477
5977
1293
7962
2501
3966
6520
5469
1538
678
3171
2784
6616
1330
4444
2664
3082
2332
4701
393
4925
5315
1111
4267
6387
7371
647
6764
763
1916
7781
2461
184
3748
2815
1605
6998
4556
7452
4940
5956
1570
5365
6065
227
646
465
516
3128
4604
5759
5795
6028
6106
152
576
1159
977
468
4988
1208
1925
5806
398
3271
944
605
327
7656
4663
1328
2865
2357
5586
2295
832
3382
1700
5774
6877
1874
7095
6378
7898
4572
6737
3792
6145
6286
4736
5153
5530
6043
6535
6422
7861
1410
1338
2317
5182
3542
3424
3554
4002
5354
6058
6321
4806
5476
38
6935
390
4562
794
1576
2535
7109
446
5745
7867
4266
5683
6425
5001
5455
985
4860
2284
1100
6664
1381
4005
6882
336
6649
4162
4462
2739
6390
4873
567
1054
1115
211
752
4581
992
4969
3300
3414
4295
4985
5141
7552
2960
841
27
5612
6865
1549
4624
5433
2656
5227
1828
2647
704
5866
100
7012
7873
6309
5318
1952
4577
2627
276
2257
2814
950
5788
1261
5261
1435
4409
2237
6401
5250
1651
971
7918
399
3592
420
2669
3642
4158
5710
7880
6365
5499
2778
7084
786
129
6786
5798
2643
1504
2586
215
4459
7693
7548
2293
507
4320
2419
2763
3154
5124
4229
7245
6135
2489
2082
2558
3521
71
7565
7955
3982
698
7796
3286
1866
3941
4036
1763
1142
1396
2736
7072
7063
3936
2471
122
4398
5767
4700
2751
7776
2936
1904
4104
44
6684
4447
4914
4381
3574
3349
3726
89
6772
2243
2190
4184
3518
5161
5157
2063
5739
1106
5981
6554
5674
4486
6617
1026
424
263
2162
867
5148
7268
4253
3504
4794
5596
5511
7695
7320
2925
6569
5547
91
5247
3341
7696
1062
2759
3962
4479
2699
2487
6526
4977
2347
5239
4006
692
4279
3786
3291
7840
2603
1709
5966
