1001
790
812
82
262
1852
1681
1451
1456
1701
1592
1888
1978
142
1008
1954
1412
950
1848
1224
842
1086
1362
1659
865
634
1199
591
1341
450
882
1770
1047
918
895
277
982
1333
1248
1601
456
1743
533
44
917
1269
1910
872
1375
1929
1735
916
1301
1481
1257
143
753
941
1466
1278
357
569
1515
1103
346
744
1779
590
1833
1816
537
1506
784
1973
698
337
202
1185
1790
509
934
1055
797
126
1348
1174
706
1879
45
889
814
834
220
565
452
1683
1207
586
1907
354
551
9
1181
573
693
1380
986
1242
1196
1193
241
1447
405
1373
949
654
1970
424
625
124
1065
1457
1866
1767
1728
576
476
1263
460
1230
1473
1482
1914
1825
1150
1508
870
532
966
13
230
1975
147
116
922
292
1213
774
1123
1445
350
42
745
1911
628
1614
1927
468
50
14
977
310
385
109
1315
1276
1326
875
228
98
1435
123
1722
987
349
629
1711
104
338
1926
1672
524
86
465
915
404
457
1490
387
171
434
1884
1260
270
993
1292
860
219
1988
1961
256
1656
1386
1922
1291
268
1547
422
971
985
1186
600
1989
1049
1639
236
714
561
1750
1132
1060
18
1470
1757
767
1892
334
709
1010
685
1208
700
1856
989
876
1628
1950
785
246
155
1
562
1104
1536
117
1115
1082
546
203
38
825
125
339
1094
409
1083
887
1274
1709
227
602
1758
517
8
1821
411
995
118
704
1841
1952
1312
428
328
308
1537
1120
1533
244
1361
585
1084
1288
1172
312
169
955
1901
1425
1129
1296
981
743
1887
1056
223
1704
582
343
1309
251
1519
1773
1599
1793
60
1840
1149
1662
1415
1413
1831
879
564
1492
958
1454
518
1919
471
1762
672
1744
1020
1079
930
731
1582
928
1430
1801
1006
427
1898
1188
618
283
1331
1403
21
663
295
1053
1913
1956
433
1180
1564
1694
1740
1521
1491
805
968
425
1342
1146
852
498
651
829
1941
1629
1843
1226
1554
1092
356
499
54
444
974
828
1718
1476
