1149
367
2087
1798
617
1904
1072
287
1097
1889
1087
1230
741
993
1226
857
1385
918
864
1311
1203
2007
1580
236
296
2045
63
1127
1793
1381
797
1497
536
2076
1738
1404
636
1121
1828
858
1110
1939
775
1234
1721
1242
930
900
1303
989
381
1351
752
571
1051
304
1214
244
827
1692
275
343
1229
282
509
977
1423
1861
21
1432
623
194
1359
1893
1421
161
1019
1200
1665
883
1032
1192
44
1800
350
1685
2046
574
973
2054
200
768
1116
691
110
43
1188
1224
948
1671
635
1356
1745
532
177
219
1680
284
1266
6
1055
646
928
152
1436
2023
1713
1623
443
2017
311
1004
314
431
1884
907
772
217
1755
1366
14
1712
1778
786
1221
997
2089
734
421
1048
318
717
380
1805
1040
1433
1416
475
1393
1984
292
885
1948
50
1390
2086
1413
1441
818
1424
1601
1523
1621
1330
1966
1184
764
587
1973
1251
1631
1633
1817
1907
1339
1050
154
439
1504
485
1551
1197
1532
687
1550
1368
1211
743
1619
1492
658
112
974
1909
395
107
423
704
1729
26
1160
1382
1412
1766
307
2081
441
427
1415
1417
875
1746
1017
1326
1629
946
2041
1701
1657
120
1652
201
1541
1007
1846
655
676
2088
821
1790
1547
747
724
540
440
1329
1495
1575
672
1014
1090
1897
12
385
1073
1714
1693
1284
1810
106
493
1254
1686
919
663
258
983
560
588
1199
1062
794
66
1088
1747
1243
1186
561
1978
229
1506
497
1484
517
709
992
1956
101
420
365
1838
847
926
298
1599
243
2027
975
1794
37
132
1699
32
225
396
685
869
1177
891
820
1598
933
1924
2056
1208
1029
273
2050
250
169
710
1653
340
887
1333
705
196
1780
511
1126
1530
1773
888
1114
970
595
580
769
1499
621
795
325
268
2049
969
1617
235
1630
140
788
428
1816
1614
429
1743
615
1922
895
855
1715
1827
959
1586
185
1217
1647
457
30
726
674
109
104
1163
1748
1546
719
2058
614
627
271
585
597
1526
831
233
27
1094
36
1458
1325
1143
1977
240
851
1785
1972
172
16
143
456
927
216
1863
1643
1434
1663
654
189
1754
1081
679
1212
1065
931
533
470
1202
1147
1616
1342
1836
1248
1859
884
1941
1463
267
641
1925
529
478
257
955
1921
1796
2073
157
1813
98
549
1756
2039
1570
1133
1181
1866
1795
93
699
563
1561
356
211
1567
1770
203
1408
1865
1043
1533
1848
2036
412
1514
1673
697
1225
2063
238
278
426
594
77
1001
373
1572
1687
1826
686
324
703
651
148
860
1187
598
1690
1916
1537
1488
57
802
987
1292
690
125
128
1264
898
1218
1373
228
976
874
631
156
39
954
2010
