430
1187
1742
1947
1143
101
1305
1623
936
300
1794
407
267
1621
1064
1625
742
447
661
229
1328
938
598
777
780
630
786
866
1877
403
1139
913
293
1597
146
1627
650
897
717
141
846
1677
103
560
1298
1108
316
712
1078
1817
1949
1611
1588
320
1494
566
980
1819
596
68
729
1721
435
1909
1513
1272
1339
345
1741
1578
1261
1963
1906
802
856
488
1761
1756
1799
1562
1776
442
1105
781
107
22
788
1818
1394
750
348
1891
213
1820
644
808
707
571
115
1553
1518
902
48
1979
211
61
1737
195
763
1472
271
1349
822
1178
1682
1620
17
641
1808
378
1678
622
1244
1974
1080
30
1539
131
1697
645
1948
1428
1070
240
931
572
4
718
449
880
1314
1811
1110
1478
607
92
1475
1141
432
1332
961
695
459
1766
1813
1822
330
715
1796
410
1198
7
59
821
266
1037
41
1057
493
1881
1649
491
507
120
680
1325
1959
886
150
1469
1785
1609
868
76
833
181
1175
559
1765
1648
326
207
1051
274
769
1235
940
1589
1780
221
1173
462
521
364
1266
525
839
516
352
1157
1250
1827
893
1976
1354
1121
1607
702
587
296
1294
28
314
194
180
665
1028
401
1942
1289
1543
1998
333
121
71
370
614
1243
1118
888
773
344
1708
617
1050
1707
864
1113
261
495
558
24
323
1650
1300
1320
1234
331
239
1572
1502
1834
1487
377
740
501
1385
174
1033
1100
205
478
322
612
1549
390
863
619
983
1016
474
1885
643
1638
87
1787
384
1712
52
453
1522
302
1407
1245
12
1029
710
436
294
114
1151
527
1147
35
332
970
423
1626
515
962
1932
1495
25
170
848
1853
80
859
368
1014
1729
148
754
603
610
933
1986
441
873
1283
199
1532
324
341
820
973
1182
811
683
1720
1526
1527
965
1938
798
636
173
956
664
1600
964
1388
393
1657
1039
1249
1993
734
1875
365
1254
1201
1114
627
298
1571
1440
168
682
1771
770
1009
108
1431
1026
699
1847
1999
1984
592
260
604
1826
1194
29
1568
1442
1726
1189
1054
1647
1376
1845
1685
1944
1287
697
1747
110
733
1015
1136
1679
1665
1279
206
799
1220
187
674
1869
675
1429
1921
653
1076
944
1797
1551
730
445
749
1089
1991
243
768
1640
1753
1587
1446
782
1972
416
134
1965
523
193
1214
1583
179
486
543
1792
705
832
1668
1687
1725
105
1159
1654
96
611
1802
703
1531
935
396
1859
288
1474
1511
1702
1510
1985
1584
93
1585
420
504
