1238
7261
6955
5162
501
2021
5752
5562
1542
3062
4089
4236
4073
1830
3212
4584
2368
1750
6576
624
6815
1426
2700
6062
3718
3956
81
5211
6406
730
7030
1611
547
7643
3483
3470
72
1573
3390
7786
3215
3515
3100
2559
291
50
6909
7871
6896
5295
1776
7606
2477
2255
2273
2401
7708
5275
1218
782
4174
2804
2389
1215
3664
7183
4012
438
4117
1940
3155
5868
383
7124
1963
5897
4300
183
2595
4383
178
384
2261
5505
2780
3141
7129
5633
3767
7754
4413
6249
1794
311
4782
4180
5928
2035
6103
1286
2889
4273
3703
7507
1909
3972
467
4853
7903
5237
4011
7965
3685
7110
2506
6751
4803
2448
1368
5317
610
1587
3696
3910
6487
7037
1450
3366
12
3757
2211
7270
7044
7819
5087
476
6044
604
5915
4702
7480
3352
4935
5980
7266
4025
189
5120
49
2853
5886
7391
7442
2297
3465
4727
6680
4389
4680
1667
7160
1647
3131
5394
3164
5527
13
5522
1247
1318
5391
4194
5952
555
4817
7294
1769
4703
5588
7866
6031
375
5258
5055
2227
7418
5807
6383
1013
1692
5848
5036
7832
1448
3450
2390
3138
7806
5971
4276
6234
7471
5919
4051
2858
4302
776
912
6532
3994
6183
7944
5987
314
7876
1843
374
3511
6806
2718
1415
5521
1227
2300
5834
7566
870
76
3534
5232
2850
1298
1275
1120
1242
4099
3856
7152
6105
7966
7164
7334
831
179
2968
1430
4774
5088
3069
6111
5787
5233
795
4954
5332
6264
1745
6556
3902
7059
6443
6329
6345
5412
1778
4942
363
5330
7053
6845
587
7247
936
5122
7616
4149
5101
2937
5
544
822
2492
186
6667
4497
1187
3927
1069
2036
6385
7795
3407
2157
1751
2041
7178
7321
166
5415
7031
746
4136
3961
3066
616
7896
2948
474
2254
5502
2591
7734
6528
4611
5875
7434
3951
5269
5176
1926
6645
6335
7447
6337
3108
7818
751
2742
1515
3695
2619
5832
7523
960
3116
4637
5957
2578
1540
7594
6652
3214
7189
2070
3924
7318
774
7849
6491
5672
5403
655
6155
7424
5032
2086
2380
1897
7087
7309
517
7917
7229
2402
830
4096
5842
7817
7444
5994
2612
6085
6871
3675
3202
461
983
1478
4072
5210
7498
5497
6352
3970
2454
4019
6069
207
6053
2544
3722
3330
2813
4482
3252
5814
1644
7773
5080
7218
5083
34
2606
3570
3753
3662
3793
916
6632
7834
3499
6874
3459
6984
3381
2246
7140
3248
4916
6553
3758
7673
2089
2414
5023
274
248
5163
431
4434
818
7000
7028
2659
3693
4046
7977
7368
7125
6158
3105
2860
3346
3585
4565
4058
4787
3055
6379
3480
943
295
7404
573
146
359
787
7170
3162
3525
2808
7522
7075
5123
6927
287
6749
4322
1290
1967
7934
6498
5186
7721
1520
7493
6244
6440
2779
2069
1799
4369
6474
5964
5043
5220
2711
6100
1598
5419
5309
1324
6765
1359
1672
5155
39
3000
4168
4776
3861
3588
6541
1970
2919
4415
4780
5734
1944
3652
1443
2691
1327
1599
1344
4632
7107
1537
3608
6943
6879
4145
4535
0
6396
6314
7970
6192
5322
5103
5992
7909
1880
5454
5936
514
5625
6256
836
2046
5857
5890
450
946
5540
3024
7613
2143
7913
2090
1441
5765
4848
3904
3520
1718
727
2444
5989
409
4013
4635
5245
4374
6850
2458
4138
3644
4587
784
4008
5458
3375
1572
5641
4530
2958
2961
123
2369
6937
3033
7023
2785
5064
3068
3295
7544
5438
119
6880
5205
4226
6825
6438
4042
5445
2032
6755
2513
6757
2877
5598
1199
125
3209
4342
897
3423
4076
5699
3500
2964
734
6578
7467
4131
4688
5507
4123
5805
1361
3506
3582
1408
3682
6078
7042
761
7997
2688
5570
6990
4275
6356
7602
7994
7155
5772
804
6726
4165
1812
1801
2537
2519
2003
7482
4177
6454
6348
5760
6392
7067
2758
4745
1277
132
1711
3712
2930
4063
2053
1643
1738
5410
4353
1130
5671
5666
1836
2383
2320
1822
6565
3989
6230
4395
2486
3610
4327
4270
3262
5676
434
1311
3025
1487
5721
6162
451
3086
2895
2901
3269
7802
5095
3011
2894
6623
4863
3822
158
2051
110
1216
7812
6480
275
5512
7545
801
6470
5208
233
3367
2424
4348
3683
2530
2423
5757
196
1806
3309
1036
6442
1041
7461
6861
7763
4721
6586
7813
1898
2696
5202
3472
6965
6229
1291
1362
1997
5436
1224
4173
5363
3706
7333
2437
3009
7805
7208
3204
7547
5590
775
4251
4705
428
4759
3550
269
2311
391
7588
6619
4077
2405
7122
32
3674
138
5313
6108
3050
1838
4941
1619
2871
2777
342
6117
6773
7572
1883
2821
6307
5361
1451
3142
4869
6248
2318
4196
3576
1960
2189
3240
1158
4375
6826
4428
4578
7221
4546
5018
5074
2533
2472
948
3115
4016
3152
1688
6475
7349
1423
2622
4964
1139
6382
2862
6049
343
1235
5624
1617
563
1274
2045
365
824
636
2876
3023
4183
5014
2066
4474
3174
4515
5865
6413
6529
861
5371
6549
6041
7308
6514
6095
3529
5446
6246
7945
4540
1507
5564
4237
3814
3343
2957
7402
4075
7749
6561
4250
6260
6818
7246
3702
3586
7666
5849
4213
5597
4887
321
372
3377
1819
5280
3280
5617
3510
2065
6466
7154
5606
3716
4468
4009
6148
5827
7998
4994
231
3853
2191
816
2508
7800
4511
1329
1149
1063
4430
4751
7733
4433
3873
5298
7799
1470
181
3869
4049
6285
29
4469
3548
7494
3546
2611
4654
4741
2164
4667
2539
3559
7740
3165
3816
1721
1200
732
1417
4495
7658
2775
4929
7743
3073
7317
5506
2912
1835
7232
6856
3522
1118
1168
2599
6483
7730
6639
4918
3687
2133
7973
7899
5244
7128
4999
3348
2594
1460
4382
860
1905
6107
4315
905
6428
5632
5513
1753
1244
1304
7001
7979
1811
4561
7366
6842
2874
1642
2265
1471
2576
843
2713
246
5793
7538
2480
7839
3113
7088
403
1431
858
1108
2374
368
4957
1768
2938
4651
6340
7648
7235
1890
5851
1767
160
229
4211
285
4480
7161
3111
1081
6986
5104
1922
4610
7887
1613
7115
