60
10
1289
444
1099
1039
758
17
877
2096
1465
422
1585
1915
206
1451
751
1975
566
1961
1372
335
237
624
606
451
1969
1180
1726
607
576
1926
144
1076
1171
1123
1781
463
1006
1563
913
523
1444
892
1802
2068
207
1239
819
261
393
1487
1544
500
138
1335
1634
1890
1885
1967
232
2078
94
472
880
1244
389
2092
778
1706
2012
1744
31
1257
328
1008
466
876
1993
2091
1930
1140
694
735
1034
1943
953
1591
628
1799
241
1555
1510
88
1512
659
1115
1380
1689
1078
390
309
1240
1834
1466
1308
844
1868
68
486
262
1596
1855
129
1829
320
1882
1894
643
7
9
1568
941
1696
477
294
18
1052
1835
1482
1041
1409
1267
345
300
1683
1646
1328
935
1592
1057
1113
179
462
1219
823
695
374
799
712
1462
276
1298
1858
442
962
537
1553
147
1071
616
124
619
248
159
1182
1762
1792
1136
1259
544
1999
1030
489
1450
1176
1425
136
2028
689
1453
1157
1753
514
1252
1735
800
945
1806
1322
525
861
1468
1274
1808
1952
33
932
1990
1457
348
644
785
653
1516
1608
215
492
557
1222
2079
1327
295
1238
142
401
1886
1092
791
1589
366
1751
47
733
83
565
1002
117
1742
473
1445
738
908
357
882
75
922
1821
1183
1428
11
1971
2065
1151
2033
2059
678
942
648
978
1769
1963
299
534
581
2042
1355
1332
471
991
1727
777
97
164
2077
1650
1357
1154
1587
1313
85
513
24
813
394
1628
1228
1666
808
234
1651
1900
1772
433
1258
84
1832
1814
1250
62
866
1513
197
1945
1442
503
1678
1842
378
487
988
1557
2022
1976
956
548
126
1620
2013
1624
404
103
911
162
1223
1932
1315
40
386
265
1345
1064
1256
341
2024
780
1595
1844
2030
1172
713
297
639
1193
1509
1141
1290
2029
527
1261
347
1054
650
432
1213
1000
1594
71
65
2057
1874
42
1027
1353
1819
1025
1581
49
186
630
1018
1376
137
611
1095
943
1283
964
1980
289
198
1564
1840
1777
1982
2016
868
971
1542
871
553
664
1995
2080
902
376
2001
828
1618
1044
384
293
829
92
1898
1786
1489
852
89
2097
286
793
1474
1131
20
496
545
972
1936
1384
1750
1397
1825
586
1058
1196
731
1711
1901
1870
1134
625
246
830
1787
1346
1558
1371
480
1997
967
559
814
1430
1730
2095
1761
834
1407
1749
256
48
133
850
1299
23
1938
947
199
99
1185
675
1480
1166
661
459
1566
1849
249
528
547
893
1378
1469
872
1314
1391
419
723
291
1607
1399
950
330
1
1576
1028
1350
667
958
1896
1170
1648
2006
1531
853
1583
467
105
603
1830
1604
417
2021
1103
1104
753
522
750
35
