3984
4078
4673
4568
1743
6359
6174
7340
6015
3724
5945
2493
7916
6247
3013
3403
234
2446
4336
1107
6118
1899
7665
7194
4652
6829
7508
568
2931
5440
792
5029
583
7858
2630
1255
6544
3302
1015
3237
3713
812
103
7188
6531
3077
3261
6885
6039
2943
6770
4735
4420
7601
2771
2993
999
3003
7278
2104
2786
7026
6377
6362
7210
2117
5786
7549
4111
7632
4321
3114
1082
7094
4026
5776
6469
7609
3603
3965
7809
250
4169
1164
5367
1772
4539
7614
6360
3007
2147
6996
42
3359
3109
4126
5572
540
440
1865
6714
1429
2795
2034
2205
7570
1501
5149
890
5344
1533
7082
1727
596
105
2788
5763
7992
3012
6960
4790
4692
3087
7460
5310
1341
382
4582
1105
5287
5150
1201
4883
4840
1452
6581
4765
3200
6218
7305
6511
2511
2944
4291
750
2988
6673
4314
1339
3220
5577
7766
7043
7061
1719
931
7627
676
2639
5982
3587
7694
3850
986
644
1245
4456
1774
6131
697
1099
7761
1850
6133
151
6847
3457
2165
3427
3496
1756
3418
5929
7359
2075
7715
21
140
2723
850
6602
41
2085
7723
7900
3495
7512
3744
1465
2158
4737
718
6187
182
3809
7595
7668
6417
2849
1882
3095
4965
3411
790
4309
6802
1172
6
5017
677
3338
1804
3833
3452
5722
5654
2275
3711
5727
5482
3524
4502
7886
2891
3334
502
2760
5563
3645
1896
5713
298
3952
6161
5423
1656
4748
1064
814
1851
3397
1854
4924
4172
3934
6911
7162
452
5204
7586
28
3630
7021
3829
1923
106
508
5314
5374
5940
1021
3306
2235
3201
3431
4769
7105
6564
5020
7610
740
4290
6657
889
5668
4503
5257
4263
1418
6741
4284
2174
4504
1068
5246
505
5720
2631
6666
2819
210
561
998
282
2590
629
5662
3344
7684
2136
6725
4698
3599
3279
3329
5762
7283
1276
5323
2681
2933
1824
2039
6883
2812
4836
1950
7092
5797
419
5342
4301
6816
2841
2668
2000
6867
6763
341
5955
7310
4205
5794
5039
6744
7295
4027
4363
3036
582
874
2512
2012
1779
7585
7804
4679
3638
7446
1176
4124
2422
2671
5863
6735
260
2782
717
2798
498
6753
3428
4391
6873
7491
3221
1714
3772
779
965
1633
2435
6168
4087
3026
1948
6981
5700
4512
7286
4176
6858
4093
829
7233
131
756
899
3955
3448
4355
2796
7328
3321
6367
5466
1555
7468
3893
6020
1234
3399
4330
6110
6524
1271
5771
6912
7543
2679
3057
809
5975
6011
721
1476
710
7269
4724
691
262
4621
1144
7330
1943
6388
2124
340
2557
1832
5037
4764
23
6978
5395
6624
1493
5607
608
5999
962
1375
2514
7980
2922
259
929
7435
299
3195
6501
7197
7296
2127
1173
79
504
3679
5503
6780
601
497
7526
3838
4862
4615
6928
7386
4441
6795
6024
5869
630
3855
2852
3132
7385
7374
4432
6872
6703
7497
4650
101
2697
6987
4285
5173
7611
4835
3923
7563
5033
1817
3462
2260
7931
3573
7
7511
6704
6181
4050
6838
679
249
7392
3354
414
265
4216
7823
2928
4100
845
3004
7683
1389
1805
1590
1367
2483
7554
7731
4757
6096
1317
637
6486
1131
3553
356
5351
2298
3813
1472
5396
7959
2348
5470
7426
4695
261
1258
1566
7628
3562
2055
5138
1170
7211
5847
2248
4541
456
7417
2684
1156
4934
3083
7267
5876
1867
1343
607
6071
3552
6760
2017
7085
599
6727
1250
1355
1810
4464
5249
5691
4470
4811
4945
3741
1677
1123
1340
2043
16
4426
2979
5906
7375
7365
934
2945
4325
4257
4038
1046
1434
7985
2310
1049
1653
6225
4828
441
690
3835
5904
4677
3247
1406
2765
2997
643
5543
4449
6833
4319
5326
919
941
3314
4147
6328
3312
7727
1912
2135
6504
31
3219
319
3727
1387
6785
3616
1237
2823
3689
3907
2285
6404
6164
4153
5131
6900
7709
6384
4516
5996
1446
313
1468
7062
7752
3161
7686
7066
5537
7343
6166
2349
2077
2325
4891
1219
3316
6342
1557
4380
7116
7458
1254
7487
6153
1060
1405
6729
6908
7252
5514
4598
1544
2649
2239
7111
521
4614
5854
4004
3812
2200
5090
580
5190
7580
4404
5274
1983
4956
6025
2333
6936
4103
7496
7927
3478
86
7888
6709
2322
1793
4458
3734
1791
7311
7056
2269
7770
5677
2385
5808
4402
6178
6846
2836
4466
1232
6408
3469
4400
2367
600
3571
460
5474
5297
731
212
337
6598
545
4048
85
6472
1281
952
1634
5300
1125
4824
7040
4799
4337
3227
1814
4396
6257
5086
5988
