1441
793
1370
1281
431
747
1598
737
1392
389
197
1633
1463
1166
1311
1849
1391
1691
751
513
1530
145
1754
1427
237
764
608
112
1899
1873
1791
881
511
336
1138
849
497
510
1897
1763
483
1307
408
208
1102
1453
1210
360
792
33
1514
694
347
83
1775
1882
1059
1714
1390
1835
1233
1227
383
437
1760
1550
1739
1903
3
906
1693
535
94
1046
620
1759
783
225
1097
1534
1915
184
831
1733
947
248
1523
466
27
1619
313
1148
1674
46
920
1024
1810
1355
1128
1700
843
900
1177
1389
1992
1124
72
1784
759
152
1297
1217
1251
550
458
851
1099
154
1698
1864
684
1421
803
130
1749
1517
1219
735
242
1738
580
725
1635
1316
1140
1109
1990
1238
1168
78
1031
972
1426
418
421
1410
77
299
963
122
522
1310
1107
728
461
1003
584
1930
1570
1125
1374
1171
1642
667
263
1807
1013
1179
329
1369
318
1203
502
135
1319
991
99
464
1839
1528
545
1618
1616
1696
1004
595
64
1994
568
689
1461
100
1007
681
957
1867
1717
233
997
1971
88
473
1368
835
