1400
5464
4910
7711
2326
7288
3600
4366
4218
4119
6484
2563
4223
2093
2223
318
2467
5197
4648
4134
3899
4256
3891
5723
6238
875
3061
3406
4704
2898
5384
1182
396
3408
1027
1796
1166
425
3747
1056
2661
332
2058
5820
5113
6375
5147
6601
5846
4195
7483
5556
2288
1072
5169
4461
4527
7881
2271
4907
828
2381
4080
5050
3353
671
83
2482
3810
7717
7777
1984
525
362
3719
1736
1394
4975
1532
2640
3604
4179
1674
1369
7131
2259
5523
3402
7485
4641
4919
6116
7184
2733
294
5879
6767
4786
5898
345
4033
4920
7136
1565
6518
1133
3166
2650
1132
5343
7336
3653
6983
5054
322
6625
1910
1363
5942
3808
3953
7204
1933
7604
3136
3762
7086
4734
2081
554
6583
3182
4633
7775
4947
3361
2296
2764
7912
2580
2356
5456
6319
6946
3092
7793
747
6350
5573
1509
2087
2353
2911
1497
543
5216
4513
4130
5262
5899
2522
1165
4354
4831
3096
6665
6282
7759
1795
7274
937
7540
3101
6672
4029
2481
6104
1365
1307
5682
1809
7396
2675
4834
5894
3102
3282
7575
1189
7622
4930
5225
5289
3400
6287
762
5746
6682
1074
1657
244
7018
4344
2652
1073
442
5802
5358
3276
4951
534
2151
7928
5288
1303
4620
803
6513
1554
303
3032
2967
1676
2955
5959
1179
6076
3804
6373
4902
1475
3199
3236
5146
358
5830
7058
4894
3393
7147
1315
5495
6543
7156
4992
2038
3245
5738
846
5267
4890
7462
4903
3699
5545
2754
192
1137
2062
4501
5627
3072
3665
603
1852
7121
6505
7407
6014
1853
4143
6084
6907
2056
5007
2996
6951
3806
1737
5903
7138
6211
6589
1512
7367
4557
3677
7209
6478
7287
5156
3405
6273
2171
2175
5461
4505
896
854
1877
5609
4245
3489
2810
6199
5223
4612
3819
5893
6003
5259
5213
6239
3501
1839
5939
6129
529
154
1764
491
2027
1221
904
4102
3641
1193
4683
5753
3310
3243
3485
2262
3185
5432
1845
2308
2113
2941
613
5840
4813
144
2963
7090
1336
6860
7192
3831
2110
5484
7191
3063
3606
4425
4059
1849
1878
6361
4713
5417
7149
5740
522
5926
2641
6642
3845
4044
7968
4388
3528
611
5565
2770
1612
6941
1889
3882
4554
6849
1473
256
6004
407
1894
1152
4609
2118
6343
1184
7991
7891
2251
3508
7729
5864
1360
6637
2692
1798
346
4261
4921
4313
3218
6643
5817
2799
4192
4694
5063
5118
3233
6827
1278
6789
7924
5694
3916
3796
5492
6530
7500
3771
7921
7510
1019
840
1392
1020
7228
2521
97
6794
4493
2411
2916
3883
3467
2245
6149
4990
4691
127
3311
4798
5548
235
3278
6281
970
2433
4312
6752
3449
4665
1284
2431
7855
1741
7101
3493
3787
2199
6547
1582
5733
7004
4208
190
4613
713
6715
5663
3071
1545
7251
4052
6800
7216
6918
2949
3364
4821
5294
3868
884
2746
1682
3654
1508
437
191
4671
4090
3658
242
3593
6455
2856
7474
6322
7226
5338
2358
6707
2441
68
149
5685
2704
6008
7901
7394
6072
1486
4393
628
3143
1025
5792
1725
7025
7220
2582
3447
3313
4460
7639
768
666
4681
724
4618
1071
2820
3038
6358
530
6933
2792
7946
1505
3513
204
6134
3852
3789
5000
1481
1203
4960
6461
7281
556
3698
2289
1457
1162
4847
1376
7100
5386
1502
6291
2833
1372
656
1445
6180
5062
5704
7619
54
3583
2301
3894
7798
2178
3820
1350
1989
6349
7854
4761
978
4107
3058
650
6893
4770
3325
1482
5605
150
757
1939
6866
3163
4244
5127
3930
1524
6988
496
4034
3663
7929
4674
4150
5873
2682
6063
7859
3746
3622
2195
3889
7422
4653
5143
5266
864
876
3913
6557
5614
648
2305
5136
4308
1629
2870
664
975
4405
5462
4812
1902
7816
3420
2811
7542
2329
6585
3811
3395
483
5073
3357
1567
6200
5968
2787
1797
389
482
4498
2637
1648
4595
5708
378
2702
597
3690
6316
2882
5631
3426
3700
4881
1559
6393
7344
6496
4756
3666
3488
5990
1305
4365
1536
5901
224
1351
3188
4225
4778
3441
283
7348
7137
1352
1070
5047
4017
4569
1860
4238
7035
6820
1958
5140
6600
2
959
895
380
4335
3633
1808
6124
1222
2998
7637
2986
661
5791
415
2023
4068
589
5932
6509
693
3879
2905
3443
5653
7481
75
1968
4850
289
7354
5192
257
4232
602
566
1755
453
7674
5422
2600
7662
512
30
3476
