3878
2279
3256
1787
3999
2247
1813
4551
7443
444
5882
5974
4526
6958
681
4340
6216
3826
3355
6658
4622
3106
6683
7302
2417
1919
2665
4670
3175
7978
6439
3516
3383
5687
4247
5589
5276
6092
1230
5406
753
413
4154
2749
7516
6577
4574
3672
1283
7284
3660
4105
2556
1569
2592
7617
4095
7986
5125
4708
2292
4973
7429
7200
5034
2395
3551
4989
7644
3048
6355
218
511
7301
6420
1273
3126
2485
5584
5198
1177
3217
5467
4804
3763
4720
5397
7784
6607
2677
485
651
2903
906
7315
2745
7456
1469
2959
1568
3886
7046
3859
1128
2722
3779
1941
3183
641
5378
7831
6045
4475
4570
7870
6982
3686
898
617
4567
7241
5608
4271
1739
7577
3216
6852
4549
6688
506
3458
1529
2989
900
7033
3646
1927
6430
1844
3958
533
3340
4492
113
700
7624
3044
5829
1169
7607
3656
1383
1091
4228
3177
7165
6091
3933
3568
2365
2010
3626
2840
2416
4178
4457
6627
5364
2281
6080
7400
2735
6841
2253
6495
6059
4199
6354
2504
6184
7457
57
5175
988
550
856
2706
156
4496
7425
894
6188
4255
4991
6956
4858
2376
4833
3584
1135
4696
745
4329
6635
6032
1840
7201
6289
4186
1093
5927
1661
3649
7797
5804
6436
7205
6338
799
5402
5128
2168
3532
490
3235
7324
4645
1675
584
956
5040
7280
7409
2879
2159
4608
6208
2593
2078
3988
4868
2769
4668
3678
7568
7119
6224
6051
725
3605
2822
7926
4280
2824
2407
6391
7987
14
301
6433
1964
793
1650
7890
1095
5045
4189
1022
6797
2725
5450
6202
4872
1930
4827
2527
1240
749
933
4901
6897
619
3440
6953
6123
3137
6886
386
4697
5002
19
6130
5425
7248
6090
7621
7956
324
6038
1908
2144
2509
5121
4170
4091
2450
4370
6132
1231
7373
6573
6686
4536
1374
4585
4450
2169
2267
7962
2187
2501
3211
7362
94
7038
7130
553
3466
2421
5667
7357
1723
885
1694
7791
908
3471
4843
5726
80
5583
296
6782
913
4015
5315
503
7406
4070
5937
6387
6212
7371
5600
1436
7182
2438
949
4278
6159
1916
187
6021
1705
2932
2689
2815
2461
6998
1601
4556
5748
243
1000
2137
367
6150
6009
4940
2728
5365
5692
4066
1134
5021
3097
7157
3170
982
1059
1999
532
152
977
6655
7265
4988
6691
486
7681
457
7663
4039
6534
3064
4962
1455
1421
2088
2518
167
2865
4084
7995
2295
6877
2867
2095
6378
3320
6737
6286
3147
2388
7520
6400
5153
2863
1503
3464
3373
3385
6535
3191
2633
2379
2934
2393
1900
7207
6935
1752
3035
3043
4722
446
5357
5240
6708
4266
5683
7836
2741
1157
3547
2315
4605
2701
985
1356
1300
510
4563
2635
1042
3088
993
336
7300
4181
7011
3173
7219
4031
6649
5858
620
1858
4873
567
1279
1054
6323
752
6431
4581
7923
349
2715
7047
2960
2264
3643
2033
4660
841
2057
27
220
5498
6865
1370
4933
1549
5880
6779
808
2656
475
1326
3851
2226
6747
4061
3545
5866
7701
981
5214
2101
953
7623
2627
5203
3925
2257
4678
2814
680
7848
5215
1435
2490
2451
1571
6401
5165
707
5646
236
3642
7880
7792
3326
958
7465
323
5441
5316
4459
7452
4283
4320
2266
5124
4229
6702
1957
6499
1155
2966
5862
7195
270
2312
6060
71
1236
3497
1058
7193
7955
4636
7560
3982
7421
5281
4234
3284
1142
1924
1561
4231
7676
673
4995
5743
2471
416
4398
4532
2020
3776
133
3781
2936
6784
2940
6762
44
2109
370
1209
6112
381
2258
302
4214
7641
6772
1578
6674
2234
1664
813
1521
5981
5058
5674
569
2899
489
7268
3680
5511
578
2854
5909
3720
5742
2474
6783
2904
1955
4479
5640
6705
7217
3715
6512
6839
4628
3434
5525
4977
4418
6985
5350
2173
5239
2828
7908
4403
1658
6007
5717
667
3294
2761
907
5329
7198
5509
