1238
5162
501
2021
5562
3158
1830
3062
2368
3212
1750
6576
624
2700
6062
3718
3956
1991
5211
7742
547
7643
72
1573
7786
4350
2559
291
6909
7871
6896
5295
1776
7606
2477
2255
2273
7708
2401
5275
1218
4174
2804
3664
7183
4012
438
3155
5868
7124
1963
4300
4627
2595
4383
178
394
384
3935
3141
7129
5633
3767
4413
4809
6854
4782
5928
2035
2889
3703
7507
3972
467
4452
4011
7903
7965
3685
7110
2506
2448
1368
5317
5228
1587
3910
7037
6487
3366
12
3757
2211
4642
7819
476
6044
604
4702
7480
3352
4935
5980
7266
6692
5120
189
5886
7391
7442
2297
6680
4727
4680
7160
1647
3131
5394
3164
5527
13
1247
1318
5391
4194
7294
5588
6031
375
2227
5055
5258
7418
5807
6383
1013
5036
7832
1448
3450
2390
1732
3138
4276
5971
4051
2858
4302
3994
6532
7944
5987
7876
1843
374
3511
1415
1227
2300
5834
76
3534
5232
3198
1298
1275
1120
1242
4099
7152
7966
7164
7334
831
179
2968
1430
2496
4774
5088
3069
6111
5233
6889
5332
6264
4954
6305
1745
7059
6345
5412
7039
363
2428
7053
6845
936
5122
7616
5944
4191
4269
5101
2937
5
2492
186
4497
1187
488
3927
6385
2036
7795
2157
1751
7178
1734
5415
7031
746
4136
3961
7896
616
2948
474
2254
7734
6528
5875
7434
5269
4299
5176
6645
7447
5781
3108
6337
7818
2742
1515
5170
5832
7523
4637
5957
1323
7594
7189
2070
3725
774
6491
655
5403
5032
2086
2380
1897
7087
7309
2402
1257
830
4096
5842
7817
5994
2612
6085
6871
3675
3202
461
1478
4072
7498
5497
3970
6939
2454
4019
6069
989
6053
2544
3722
3330
2813
207
3252
1644
7773
5080
7218
34
2606
5382
3570
3753
3793
7834
6874
3381
2246
6984
3627
7140
3248
4916
6553
3758
7673
5023
274
248
4434
818
7000
7368
4046
6158
3105
2860
5381
3585
4565
3055
295
943
7404
359
3525
7170
2808
7075
6927
3795
287
6749
4322
1967
6498
7721
1520
5186
6244
7493
6440
1799
6474
2069
5220
1324
5309
6831
5419
1598
6100
6765
3000
4776
6541
3588
2919
5734
1944
1443
1327
1599
1344
7107
3608
6943
6879
4535
7970
6192
5322
5103
5992
7909
5936
7879
5625
836
5857
2046
7913
450
5890
90
5540
3024
7613
2143
2359
2090
1441
5765
4848
3520
3904
2444
2429
5989
6207
409
4013
2892
4635
4343
4374
6850
2458
3644
4587
4008
5458
3375
1572
5641
4530
2958
123
3033
7023
6937
2785
5064
3295
5438
119
5205
4226
6825
6438
5445
6755
5637
2513
6757
5598
1199
125
4342
3059
2964
3500
734
6578
7467
4688
5507
4123
5805
1408
3371
7042
3682
761
2688
3862
5570
6990
6356
5649
7994
804
6726
4222
5760
2003
1597
2519
7482
4177
6454
6348
6392
7067
2758
1990
4745
1277
132
1711
3712
2930
1453
3774
1738
1130
5671
5666
1836
2383
2320
6973
1822
6565
4395
3872
2486
4327
3610
3262
434
1311
3025
1487
3563
451
2901
3269
3011
66
4161
6623
4863
2051
3822
7812
1216
6480
275
5512
7545
801
6470
5208
3805
2424
4348
3683
2530
2423
5145
1041
3309
1036
2071
6861
4721
6586
7813
2696
5202
3472
6965
6229
1362
5436
1224
5363
3706
2437
3009
3204
7547
5590
4705
428
3550
5714
923
2311
391
7588
6619
2405
7122
32
138
3674
5313
4941
1619
2871
6117
6773
7572
3142
5361
1451
2318
1960
3576
4196
2189
3240
4375
4428
6826
4546
5074
2533
3056
2472
3115
4016
6475
3152
1688
7349
1423
2622
4964
6382
2862
1617
365
636
2876
3023
4183
6529
5014
4474
4515
7803
6413
861
6514
6095
7945
3343
6246
4237
5564
7402
3814
4250
2957
4075
6561
6220
6260
6818
3702
3586
7666
5849
4213
4887
427
372
3377
6555
5280
5617
2065
3510
7697
6466
7154
5606
3716
4009
7998
5827
4994
7430
231
3853
816
4511
1149
4430
4751
7733
4433
3873
7196
7799
1470
181
29
7494
6285
3548
3546
2611
3445
4654
4741
2164
4667
2539
732
1417
4495
7658
2775
3073
7743
5506
2912
3522
6856
1168
6483
1118
4918
2599
7730
6639
7973
2133
7899
7128
4999
3348
2594
4382
1460
1905
6428
1541
5632
5513
1753
1244
7001
7979
1811
2874
2265
1471
2713
246
5793
7538
2480
7839
7088
4750
1431
858
1108
368
4957
1767
5851
2938
7235
7648
160
229
4480
285
7161
1081
6986
1302
5413
1922
4610
7887
1613
