1293
1914
1582
414
732
516
1093
488
1419
1992
2085
1446
1374
1253
1733
1927
1934
119
1674
1918
1637
1684
2060
737
817
96
1152
2044
1562
54
832
363
1483
748
812
468
1632
1931
310
531
1606
1503
230
1460
904
153
629
1920
720
1364
670
1438
1278
762
683
1037
759
602
409
1431
1527
1763
573
754
1979
862
1910
313
1452
568
596
2074
665
1737
67
253
1675
339
1068
1720
792
1528
1991
1045
1305
692
1935
790
3
1641
1903
944
213
1588
1775
1102
214
1679
1020
308
1776
810
1478
848
115
1892
192
1615
578
1338
446
53
1493
1965
430
1210
2067
1063
1343
1047
1919
315
331
1622
805
2026
1233
1635
867
1888
1899
693
1501
1824
1843
327
966
1704
322
1281
519
1046
937
1015
1486
231
1470
202
1496
1881
1201
455
100
1370
81
1767
465
1312
1905
448
1348
1638
965
1400
1682
437
383
515
985
1923
407
718
2
1782
1268
637
191
1414
319
725
1216
1021
1464
916
550
0
1912
1691
1987
1398
288
666
1402
605
1610
245
1656
181
279
127
2002
920
835
87
114
1279
1394
58
510
873
556
187
221
668
274
1352
1241
1556
504
1031
342
843
242
961
351
2011
521
2043
1946
1066
1447
425
379
1917
552
338
190
1839
1718
2082
1519
1249
205
491
499
1479
1449
706
1847
1111
1422
1807
1215
1552
789
1023
766
995
1879
622
1508
416
111
1389
1288
91
1067
1928
579
134
1491
2032
122
1612
707
1913
1669
270
846
2084
1427
1236
2005
260
1145
1132
779
195
589
567
224
1128
360
1098
592
936
784
1719
520
1722
590
263
1053
1418
1804
2040
1069
1336
406
479
494
1958
204
1429
436
1178
1316
1613
599
1837
604
458
951
1245
1668
2055
865
1456
612
1137
1538
1536
1951
1304
2053
1655
78
610
1086
696
760
825
1603
1179
399
1949
210
259
1263
1736
1383
146
1395
1831
469
208
1765
312
806
1272
424
1075
1168
1820
680
252
1291
1809
986
1477
1964
1661
1996
375
2025
1396
1321
915
1112
1929
326
912
1818
1173
1387
1360
1443
72
508
756
684
1986
601
1175
2070
1522
1911
1189
1579
518
1096
669
145
755
1009
584
1167
539
849
86
1010
301
405
1300
845
1089
836
1156
1937
449
1702
1319
1227
1271
1275
728
2075
1543
175
61
722
1515
377
569
220
51
657
2062
364
702
2072
782
402
1883
1960
13
2051
1142
1033
2009
1306
645
1954
541
2015
1117
1875
1774
776
474
1340
925
349
1061
1970
1331
1877
1784
362
899
998
1520
1139
1420
2083
1120
929
1998
1108
921
1237
796
329
1467
1788
1437
1206
95
46
841
564
981
52
1940
1880
1667
166
826
1593
38
