1636
1080
305
729
239
1695
80
1672
1942
370
700
917
1759
1708
22
1164
1148
1392
1109
1307
727
1349
671
1083
1012
1688
1959
2094
824
863
1505
1548
1677
400
131
2014
647
1273
662
1545
2071
369
512
854
506
1869
1902
1320
290
398
1845
2004
903
1681
1165
1757
990
382
1895
838
158
1498
1079
1710
79
999
1728
483
359
535
638
1354
1597
74
546
507
1280
1801
914
435
1295
193
770
530
600
1878
1130
1741
8
1981
1812
82
269
763
1974
2048
1036
739
856
1235
1473
255
334
894
498
613
840
2061
450
155
591
1084
767
1232
901
1725
526
1864
889
765
1694
1517
1475
1625
798
1323
1507
1485
4
1105
934
681
226
415
1811
173
1406
721
371
1639
1659
1590
1989
1860
188
811
1854
842
1174
1521
1740
141
25
108
1070
1344
746
1138
1789
1317
1968
2008
701
649
982
609
70
1309
135
677
1571
803
714
1377
1573
2052
55
1016
1060
801
1024
218
1022
984
184
1569
1282
1262
209
1231
1524
2031
620
1500
708
387
2099
163
896
558
524
1101
1100
102
1906
453
223
870
212
906
118
183
2064
1144
968
19
1255
1783
897
1276
583
1644
336
397
29
542
1125
1074
1472
1760
1867
1752
1779
1822
1324
711
1246
1388
1220
1455
1403
281
332
317
1150
1957
1375
1494
1003
1038
1337
445
1287
1049
482
1983
182
1107
116
642
1698
833
1887
15
1286
938
807
73
1035
673
1739
1640
1310
773
165
1296
2019
1609
1365
1791
1129
505
1560
859
1301
952
1554
1853
306
1873
1955
323
570
1525
1085
1269
464
180
113
688
150
1574
372
1440
572
1405
809
1294
1191
1627
149
608
2034
555
1731
1439
1347
1768
1204
1471
1891
484
1764
771
2098
879
418
1077
1511
924
1529
1649
1207
2000
1195
1758
1862
502
1534
1042
1707
408
910
1297
45
59
1448
2090
481
1852
1645
1379
1106
1124
1459
1198
1950
1159
1815
715
1155
1703
476
151
939
454
1277
1302
403
774
940
783
1664
562
1341
881
452
1367
994
1158
652
461
410
1584
660
2066
1662
76
1318
1797
890
543
905
1654
272
321
1539
816
742
2035
391
176
251
618
34
5
886
716
1247
1577
1724
411
160
757
1611
1856
1410
1386
634
730
1369
1734
822
1358
280
413
337
949
388
1476
1908
1363
1700
353
682
1435
1401
358
1676
837
1161
1850
1490
167
815
538
1535
346
1660
1026
1135
130
490
1716
303
996
1658
745
656
1162
277
1947
575
1265
1209
247
1013
923
749
1518
178
447
1732
2018
302
1705
1985
1005
121
168
2069
698
1146
1118
1169
1944
2038
551
1362
171
90
2020
1502
285
1426
1334
1481
781
316
640
170
980
1122
1642
909
1823
254
740
632
1411
2093
804
1697
333
123
2037
1285
1994
227
1876
963
1119
1578
626
1260
1153
1933
1059
1190
736
1091
1717
1953
554
266
222
1851
1549
1723
392
460
69
1082
1988
64
582
1194
1857
1962
361
438
139
174
355
839
344
1205
28
501
1461
1605
1871
979
352
1803
878
1872
1841
495
761
1670
1270
56
1626
1709
1833
957
577
434
41
1011
1602
1771
264
1454
1540
1565
354
1361
633
1559
283
744
787
2003
1600
1056
960
2047
593
