657
1798
1964
815
1464
106
39
1612
691
826
380
1829
79
736
1764
1673
1800
492
1295
374
1504
1496
1862
1068
1814
1379
871
1931
567
1544
830
1699
1969
1575
1641
1569
70
1126
609
204
1651
1855
1924
1259
530
209
984
1040
899
975
885
1090
719
1170
264
91
655
1981
11
1102
1563
756
1594
1524
369
1439
1872
555
51
1732
556
631
844
49
1112
1613
487
593
1937
1131
1350
1377
1860
616
1731
1713
259
1690
1285
1606
841
177
1830
231
1211
327
1021
317
741
265
640
601
159
190
162
766
659
1920
1535
1165
144
1730
217
1452
1042
1940
272
1748
311
787
1154
1842
1052
1458
978
176
167
102
1736
508
1652
762
438
291
84
891
1581
688
816
1669
538
1267
305
252
1101
1467
588
1460
1155
1573
419
156
1493
1912
1837
531
668
1540
53
1604
454
215
1605
1505
26
686
1353
467
1688
967
1734
1117
817
1803
1162
234
765
574
1946
924
361
526
990
1069
660
892
671
1393
1127
840
540
388
340
132
149
775
1416
1167
597
771
1433
1857
1516
869
1153
226
544
647
1896
656
232
1095
1340
1358
1228
932
