1400
3139
4910
7711
2326
7288
1192
3600
5925
4366
3640
4119
2563
4223
2093
2223
318
2467
7185
5197
4134
4648
3899
4256
777
3891
2061
6238
5723
875
2738
4537
3061
3406
4704
2321
2898
5384
1182
396
3408
5431
1796
1166
2202
6056
425
3747
2661
332
2058
5820
6375
6601
7483
4514
5113
4195
5147
5846
2288
1072
5169
4461
4527
1581
7881
4140
6410
2271
828
7353
5050
671
83
7717
7777
2482
3810
5260
525
362
3719
1736
1394
4975
1532
2640
3604
4179
6679
1674
1369
2259
5523
3402
3766
7455
7485
4919
6915
7184
294
2733
5879
6767
4786
7277
5898
4033
4920
7136
1565
6518
1133
3166
6575
1132
5343
7336
6983
6625
322
5054
1910
1363
3808
5942
3953
7204
1933
7604
3762
1407
7086
1033
4734
2081
4490
5758
4633
7775
4947
3361
2011
2296
2764
7912
2580
2953
7521
2356
1959
1625
6319
747
6350
5573
1509
1353
2911
2353
1497
543
5216
6948
4513
4130
3391
2767
1630
4831
315
3096
6665
6282
7759
7274
937
7540
3101
4029
2481
6120
1307
5682
2737
1809
866
7396
5373
5894
2675
4834
3102
1792
5271
3657
3282
1189
308
4626
5056
2794
7622
3505
4930
5225
4899
5289
7078
1879
762
5746
593
6682
1074
6334
1657
7018
4344
6626
2652
1073
3015
442
5802
5358
5703
534
5288
4620
6513
1554
1272
303
3365
3032
1676
2955
5959
1179
612
6373
1475
4902
3199
5146
358
5830
7058
4894
3393
7147
7519
859
1315
5495
7156
4992
6746
846
5267
4890
7462
7346
4903
3699
5545
2754
1137
4501
3665
603
2834
7121
6505
6014
4463
6084
3507
2056
2996
6951
6891
3380
1737
6211
5903
6660
4557
7367
3677
7501
7209
6478
7287
5156
5978
6730
6273
2171
2175
5461
6728
4505
7677
6926
896
854
1877
2844
5609
4245
3489
1001
2810
6199
5223
5049
3819
1198
5893
6003
3501
6239
5213
5939
1839
5711
6129
1901
529
154
7559
1764
491
5986
2027
6458
4102
904
3641
4683
3310
3185
5432
1845
2941
2113
2308
2262
5754
1160
6579
613
4813
144
2963
4445
1336
7192
4055
4289
5484
4059
1849
1878
6361
4713
4127
7149
7326
5740
522
6034
2641
4044
4101
7968
3528
4388
2770
7829
1612
6941
3490
4554
1473
256
6004
1894
1152
4609
1184
7991
7891
1782
2251
3508
6862
2806
7729
5864
6637
2692
1798
7376
4261
4313
1386
3218
4979
2799
5817
6643
2442
4192
5063
5118
6827
1278
6789
5694
7911
3796
5492
7500
7921
1357
840
7510
1019
3866
1392
1020
7118
7228
3146
97
4592
4493
6794
2411
5950
2212
3800
2916
4805
3883
3054
2245
6149
4990
4691
5421
127
3311
5548
3278
235
4837
6281
2433
970
6914
4312
2842
6752
3449
4665
1284
2431
7855
1741
7101
3493
3787
3650
2199
6547
5733
7004
4208
3791
4613
713
6715
5663
5622
3071
2108
7251
6800
4906
7216
6918
3364
4821
5012
2022
884
1682
3654
1508
437
6265
5991
191
4671
3436
4090
3658
920
242
7381
6455
2856
7474
6322
2358
5338
6707
149
68
6008
7394
6072
628
1025
4684
5792
1725
7025
7358
2582
5881
7010
768
6327
666
724
4681
1071
3659
3038
353
188
6358
6933
2792
7946
1505
3513
6134
4742
3852
3789
7214
3076
5000
1203
7281
556
3698
4644
2289
1498
4847
1457
6676
7100
6398
6291
1502
310
2833
1372
656
1445
744
5704
7619
5013
5311
3583
7590
3894
2178
3820
1350
1989
6349
4761
2939
3058
7672
650
6893
4770
1574
5575
1482
6920
5656
150
757
1939
6866
3163
4244
3930
1524
6988
3663
7929
4150
4674
5873
2682
3509
6063
7859
3746
3622
7989
2195
6206
3889
5266
864
2562
7938
6557
2990
5614
648
2305
7433
2516
4308
1629
2870
664
975
4405
5462
4812
1902
7816
3420
1229
2811
7542
2329
1223
6182
6585
3811
3395
483
5073
3357
1567
6200
5968
5803
1797
2787
482
2355
4846
2637
4595
5708
378
2702
6316
597
5631
2882
185
3743
6102
6154
4065
64
3818
4881
1559
6393
3429
6496
4756
3666
3488
5990
7720
2290
4365
2935
1536
5901
2409
3188
4225
879
3441
7348
7137
1352
4017
6538
1860
6820
1958
5140
6600
7451
1775
959
895
4335
3633
1808
6878
1222
2998
2986
661
5791
2023
7291
6685
3967
589
4068
6509
5932
693
2905
3903
3443
7481
5653
1968
4850
289
7354
588
1826
257
4232
602
566
1755
453
7674
5422
2600
335
7662
6717
512
30
3476
